% O-16 Cross Section - Scattering

val1 = [
         1e-11      54.9668
    1.1024e-11      52.3629
   1.21504e-11      49.8883
   1.33946e-11      47.5273
    1.4808e-11      45.2155
   1.62468e-11      43.1798
   1.79842e-11       41.056
   1.98654e-11       39.079
   2.19058e-11      37.2303
   2.41442e-11      35.4791
   2.66165e-11      33.8085
    2.9336e-11      32.2215
   3.23399e-11      30.7077
   3.56445e-11      29.2696
   3.92944e-11      27.8982
   4.33097e-11      26.5955
   4.77444e-11      25.3534
   5.26232e-11      24.1738
   5.80116e-11      23.0493
   6.39394e-11      21.9815
   7.04866e-11      20.9639
   7.76892e-11      19.9978
   8.56444e-11      19.0773
   9.43958e-11      18.2038
   1.04062e-10      17.3717
   1.14695e-10      16.5824
    1.2582e-10      15.8678
   1.38704e-10       15.152
   1.52877e-10      14.4734
   1.68531e-10      13.8277
   1.87273e-10      13.1662
   2.06815e-10      12.5769
   2.27992e-10      12.0281
   2.51943e-10      11.4953
   2.79918e-10      10.9645
   3.08581e-10         10.5
   3.40113e-10       10.061
   3.74361e-10      9.65129
   4.14442e-10      9.24084
   4.56879e-10      8.86956
      5.05e-10      8.50971
    5.6405e-10      8.13657
    6.2875e-10      7.79374
   6.98021e-10      7.48482
   7.80201e-10      7.17745
   8.67577e-10      6.90409
   9.65975e-10      6.64618
     1.0797e-9      6.39789
    1.20682e-9      6.16791
    1.35516e-9      5.94682
    1.52098e-9      5.74438
    1.70614e-9      5.55947
    1.93956e-9      5.37146
    2.19807e-9      5.20548
    2.49152e-9      5.05538
    2.85769e-9      4.90828
    3.30585e-9      4.77001
    3.85218e-9      4.64297
    4.48966e-9      4.53246
    5.30544e-9      4.42883
    6.35666e-9      4.33391
    7.72361e-9      4.24878
    9.51693e-9      4.17405
    1.20552e-8      4.10622
    1.57043e-8      4.04712
     2.1328e-8      3.99564
    2.50763e-8      3.97415
       2.53e-8      3.97307
    3.73512e-8      3.93396
    6.07892e-8       3.9023
    1.15285e-7      3.87845
    3.01056e-7      3.86203
    2.02527e-6      3.85336
    2.73116e-5      3.85206
    3.94387e-5      3.85207
      0.111773      3.62306
      0.182477      3.50256
      0.226208      3.44914
      0.253735      3.43344
          0.26      3.43141
          0.28      3.43991
           0.3      3.47292
          0.31      3.50372
          0.32      3.54872
          0.33      3.61324
          0.34      3.70565
          0.35      3.83918
      0.359876      4.03267
          0.37      4.33032
          0.38       4.7895
          0.39      5.53423
           0.4       6.7948
         0.405      7.73895
          0.41      8.97931
         0.415      10.5689
          0.42      12.4823
         0.425      14.4897
          0.43      16.0598
         0.435      16.5542
          0.44      15.7614
         0.445      14.1033
          0.45      12.2055
         0.455      10.4709
          0.46      9.04012
         0.465      7.91047
          0.47       7.0316
         0.475      6.34726
          0.48      5.81014
         0.485      5.38376
          0.49       5.0411
         0.495      4.76216
           0.5      4.53237
          0.51      4.17926
          0.52       3.9235
          0.53      3.73147
          0.54      3.58255
          0.55      3.46384
          0.56      3.36713
          0.57      3.28652
         0.585       3.1888
           0.6      3.10811
          0.62      3.02241
          0.64      2.95321
          0.66      2.89581
      0.689594      2.82827
      0.719752      2.77421
          0.75      2.73825
          0.77      2.72445
          0.78      2.71991
      0.802009      2.72501
          0.82      2.74303
          0.84      2.78774
          0.86      2.87056
          0.88      3.01501
           0.9      3.26413
          0.91      3.45073
          0.92      3.69777
          0.93      4.02543
          0.94      4.45828
          0.95      5.02141
          0.96      5.72737
          0.97      6.50815
          0.98      7.36354
          0.99      7.96896
             1      8.15295
          1.01      7.86958
          1.02      7.26714
        1.0325       6.3798
          1.04      5.86551
          1.05      5.27144
          1.06      4.78072
          1.07      4.38298
          1.08      4.06174
          1.09      3.80141
           1.1      3.58869
          1.11      3.41391
          1.12      3.26766
          1.13        3.145
          1.14      3.04214
          1.15      2.95474
          1.16      2.88003
          1.17       2.8173
          1.18      2.76433
          1.19      2.72194
           1.2      2.68863
          1.21      2.66686
          1.22      2.65795
          1.23      2.66746
          1.24       2.6987
          1.25      2.76835
          1.26      2.89907
          1.27       3.1373
          1.28      3.57322
         1.285      3.91298
          1.29      4.36656
         1.295      4.94811
       1.30125      5.79333
         1.305      6.28564
          1.31      6.69738
         1.315      6.67994
          1.32      6.26517
          1.33      5.03868
          1.34      4.07374
          1.35       3.4682
          1.36      3.09074
          1.37       2.8443
          1.38      2.67432
          1.39      2.55098
           1.4      2.45741
          1.45      2.19417
           1.5      2.05692
          1.55      1.96131
           1.6      1.89023
          1.62      1.88038
          1.63      1.90281
          1.64      2.06954
         1.642      2.18864
         1.643      2.28463
         1.644      2.42393
       1.64475      2.57843
         1.645      2.63413
       1.64587      2.92042
         1.646      2.96801
       1.64625       3.1005
       1.64694      3.48608
         1.647      3.52984
       1.64713      3.64091
       1.64794      4.44309
         1.648      4.51543
       1.64813      4.68855
       1.64844      5.15974
       1.64856      5.37389
       1.64887      5.97321
         1.649      6.22307
        1.6495      7.33482
       1.64994      8.24973
          1.65      8.35938
       1.65013      8.52245
       1.65044      8.84797
       1.65053      8.88439
       1.65062      8.85569
       1.65094      8.67148
       1.65103      8.56745
       1.65119      8.29697
        1.6515      7.70316
         1.652      6.59151
       1.65225      6.11772
       1.65294      4.85462
       1.65303      4.71159
       1.65313      4.59875
       1.65394      3.72074
         1.654      3.66295
       1.65412      3.57333
       1.65494      3.07703
       1.65506      3.01606
       1.65575      2.76447
         1.656       2.6776
       1.65675       2.5024
         1.657      2.44753
         1.658      2.29504
         1.659      2.18935
          1.66      2.11364
         1.665      1.92977
          1.67      1.86129
         1.675      1.82648
        1.6835      1.79295
         1.685      1.78941
         1.686      1.80788
         1.687      1.85512
         1.688      1.91367
         1.689       1.9635
          1.69      1.98297
         1.691      1.95795
         1.694      1.78897
         1.695      1.76611
          1.72       1.7228
          1.76      1.66059
          1.78      1.62469
           1.8      1.57925
          1.82      1.57026
         1.822      1.60623
         1.824       1.6846
        1.8255      1.81055
         1.826      1.85629
        1.8265      1.94958
       1.82794      2.22932
         1.828      2.24647
       1.82812      2.29325
       1.82987      3.04319
          1.83      3.10315
       1.83025      3.25888
       1.83187      4.30635
         1.832      4.37803
        1.8325       4.5617
       1.83294      4.71083
       1.83306      4.72769
       1.83375      4.67665
         1.834      4.64814
        1.8345       4.4765
         1.835      4.29424
         1.836      3.86987
         1.837      3.48784
         1.838      3.17836
         1.839      2.93624
