% Zr-90 Cross Section - Scattering

val1 = [
         1e-11      33.3234
    1.1024e-11      31.7755
   1.21504e-11       30.306
   1.33946e-11      28.9054
   1.48372e-11      27.5097
   1.63533e-11      26.2488
   1.80279e-11      25.0477
     1.987e-11      23.9083
   2.19047e-11      22.8233
   2.41429e-11      21.7945
   2.66151e-11      20.8153
   2.93347e-11      19.8872
   3.23385e-11      19.0043
    3.5643e-11      18.1681
   3.92927e-11      17.3732
   4.33078e-11      16.6209
   4.77424e-11      15.9063
   5.26209e-11      15.2305
   5.80091e-11      14.5893
   6.39367e-11      13.9836
   7.04836e-11      13.4095
   7.76859e-11      12.8678
   8.56407e-11      12.3552
   9.43918e-11      11.8722
   1.05505e-10      11.3533
   1.17926e-10      10.8686
    1.3181e-10      10.4164
   1.47329e-10      9.99516
   1.64674e-10      9.60332
   1.84062e-10      9.23945
   2.05732e-10      8.90216
   2.29954e-10       8.5901
   2.57027e-10      8.30197
   2.91341e-10      8.00463
   3.30172e-10      7.73465
    3.7425e-10       7.4895
   4.24132e-10      7.26823
   4.87443e-10      7.04778
   5.60204e-10      6.85215
   6.43827e-10      6.67917
   7.50372e-10      6.51245
   8.86715e-10      6.35589
    1.04783e-9      6.22242
    1.25545e-9      6.10037
    1.54695e-9      5.98397
    1.93264e-9       5.8838
    2.48264e-9      5.79476
    3.27913e-9      5.71875
    4.57903e-9       5.6515
    6.76017e-9      5.59676
    1.10001e-8      5.55246
    2.11556e-8      5.51856
    2.49759e-8      5.51294
       2.53e-8      5.51254
    7.59457e-8      5.49204
    1.05306e-6      5.48212
   0.000181036      5.43024
   0.000975441      5.31893
    0.00171486      5.20538
    0.00217015      5.10531
    0.00250108      5.00128
    0.00274587      4.89218
    0.00293527      4.77394
     0.0030763      4.65319
    0.00318712      4.52652
    0.00327275      4.39876
    0.00334074      4.26967
    0.00339867      4.13255
    0.00344904      3.98439
    0.00348934      3.83945
    0.00352459       3.6866
    0.00355482       3.5305
       0.00358       3.3779
    0.00360267       3.2179
    0.00361778      3.09679
    0.00363289      2.96189
      0.003648      2.81081
    0.00366311      2.64061
    0.00367445      2.49831
    0.00368578      2.34146
    0.00369711      2.16792
    0.00370467      2.04186
    0.00371222      1.90661
    0.00371915      1.77421
    0.00372545      1.64584
    0.00373174      1.50968
    0.00373804       1.3654
    0.00374433      1.21287
    0.00375063      1.05225
    0.00375693      0.88424
    0.00376401       0.6884
    0.00377298     0.437499
    0.00377629     0.347553
    0.00377865     0.285453
    0.00378047     0.239277
    0.00378199     0.202604
    0.00378324      0.17334
    0.00378443     0.147166
    0.00378529     0.128856
    0.00378616     0.111381
    0.00378685    0.0980601
    0.00378753    0.0856579
    0.00378816    0.0747092
    0.00378866    0.0663867
    0.00378913    0.0589578
     0.0037896    0.0519099
    0.00378998    0.0465594
    0.00379036    0.0414762
    0.00379071    0.0370612
    0.00379102    0.0332581
    0.00379134    0.0296627
    0.00379165    0.0262822
    0.00379192    0.0235831
    0.00379214    0.0214841
    0.00379236    0.0194997
    0.00379258    0.0176327
    0.00379278    0.0160065
    0.00379297    0.0145993
    0.00379316     0.013284
    0.00379335    0.0120628
    0.00379352    0.0110726
    0.00379366    0.0102832
     0.0037938   0.00954944
    0.00379394    0.0088722
    0.00379407   0.00828516
     0.0037942   0.00778006
    0.00379433   0.00732149
    0.00379445   0.00691013
    0.00379458   0.00654656
     0.0037947   0.00623147
     0.0037948   0.00602732
    0.00379489   0.00585108
    0.00379499   0.00570302
    0.00379508    0.0055834
    0.00379518   0.00549254
    0.00379527   0.00543071
    0.00379537    0.0053982
    0.00379543   0.00539296
    0.00379552   0.00540998
    0.00379564   0.00547362
    0.00379576   0.00558492
    0.00379588   0.00574445
    0.00379599   0.00595282
    0.00379611   0.00621063
    0.00379621   0.00645292
    0.00379632   0.00677651
    0.00379643   0.00714466
    0.00379654    0.0075579
    0.00379665    0.0080168
    0.00379676   0.00852181
    0.00379687   0.00907357
    0.00379698   0.00967252
     0.0037971    0.0104157
    0.00379725    0.0113273
    0.00379739    0.0123202
    0.00379753    0.0133956
    0.00379768    0.0146218
    0.00379784    0.0160149
    0.00379799    0.0175148
    0.00379815    0.0191232
    0.00379832    0.0210203
    0.00379851    0.0232451
     0.0037987    0.0256352
    0.00379889    0.0281937
     0.0037991    0.0311599
    0.00379932    0.0345851
    0.00379954    0.0382552
    0.00379976    0.0421759
    0.00379999    0.0466619
    0.00380024    0.0517801
     0.0038005    0.0572514
    0.00380075    0.0630854
    0.00380103    0.0700945
    0.00380127    0.0763064
    0.00380158    0.0851285
     0.0038019    0.0945873
    0.00380223     0.105228
    0.00380251     0.114947
    0.00380279     0.125236
    0.00380308     0.136113
    0.00380346     0.151563
    0.00380375     0.164589
    0.00380409     0.179833
    0.00380442        0.196
    0.00380475     0.213122
    0.00380508     0.231238
    0.00380541     0.250382
    0.00380579     0.273573
    0.00380616     0.298219
    0.00380654     0.324385
    0.00380692     0.352135
     0.0038073     0.381539
    0.00380771      0.41534
    0.00380813     0.452685
    0.00380856     0.492425
    0.00380898      0.53468
    0.00380941     0.579575
    0.00380985     0.629064
    0.00381032     0.685579
    0.00381079     0.745906
    0.00381126     0.810267
    0.00381174     0.878895
    0.00381221     0.952038
    0.00381268      1.02997
    0.00381315      1.11296
    0.00381362      1.20131
     0.0038141      1.29536
    0.00381457      1.39544
     0.0038151      1.51663
    0.00381567      1.65455
    0.00381624      1.80309
     0.0038168      1.96304
    0.00381737       2.1353
    0.00381794      2.32081
     0.0038185      2.52062
    0.00381907      2.73587
    0.00381964      2.96782
     0.0038202      3.21782
    0.00382077      3.48738
    0.00382134      3.77814
     0.0038219      4.09191
    0.00382247      4.43067
    0.00382304      4.79664
     0.0038236      5.19223
    0.00382417      5.62011
    0.00382474      6.08327
     0.0038253      6.58501
    0.00382587      7.12899
    0.00382644       7.7193
      0.003827      8.36048
    0.00382757      9.05765
    0.00382814      9.81653
     0.0038287      10.6435
    0.00382927      11.5458
    0.00382984      12.5316
     0.0038304        13.61
    0.00383097      14.7916
    0.00383154      16.0881
     0.0038321       17.513
    0.00383267      19.0818
    0.00383324      20.8119
     0.0038338      22.7235
    0.00383418      24.1101
    0.00383456      25.5953
    0.00383494      27.1876
    0.00383531      28.8964
    0.00383569      30.7323
     0.0038362       33.398
    0.00383667      36.1487
    0.00383714      39.1728
    0.00383761       42.504
    0.00383809      46.1803
    0.00383854      50.1035
    0.00383897      54.1225
    0.00383939      58.5372
    0.00383982      63.3945
    0.00384024      68.7481
    0.00384067      74.6583
    0.00384109      81.1944
    0.00384152      88.4335
     0.0038418      93.6934
    0.00384208      99.3335
    0.00384237      105.385
    0.00384265      111.881
    0.00384293      118.857
    0.00384331      128.973
    0.00384369      140.107
    0.00384407      152.365
    0.00384444      165.855
    0.00384482      180.688
    0.00384517       195.56
     0.0038455      210.971
    0.00384583      227.631
    0.00384616      245.592
    0.00384649      264.887
    0.00384683      285.932
    0.00384718       309.21
    0.00384764      342.401
    0.00384811      377.719
    0.00384963      499.246
    0.00385011      535.057
    0.00385049      560.807
    0.00385087      583.503
    0.00385122       601.42
